000000000000
000000000111
011100000000
011100000111
000001110000
000001110111
011101110000
011101110111
000000000000
000000001111
111100000000
111100001111
000011110000
000011111111
111111110000
111111111111
000000000000
000000000100
010000000000
010000000100
000001000000
000001000100
010001000000
010001000100
000000000000
000000001010
101000000000
101000001010
000010100000
000010101010
101010100000
101010101010
000000000000
000100010001
001000100010
001100110011
010001000100
010101010101
011001100110
011101110111
100010001000
100110011001
101010101010
101110111011
110011001100
110111011101
111011101110
111111111111
000000000000
000000000001
000000000010
000000000011
000000000100
000000000101
000000000110
000000000111
000000001000
000000001001
000000001010
000000001011
000000001100
000000001101
000000001110
000000001111
000000000000
000000010000
000000100000
000000110000
000001000000
000001010000
000001100000
000001110000
000010000000
000010010000
000010100000
000010110000
000011000000
000011010000
000011100000
000011110000
000000000000
000100000000
001000000000
001100000000
010000000000
010100000000
011000000000
011100000000
100000000000
100100000000
101000000000
101100000000
110000000000
110100000000
111000000000
111100000000
000000000000
000000010001
000000100010
000000110011
000001000100
000001010101
000001100110
000001110111
000010001000
000010011001
000010101010
000010111011
000011001100
000011011101
000011101110
000011111111
000000000000
000100010000
001000100000
001100110000
010001000000
010101010000
011001100000
011101110000
100010000000
100110010000
101010100000
101110110000
110011000000
110111010000
111011100000
111111110000
000000000000
000100000001
001000000010
001100000010
010000000010
010100000101
011000000110
011100000111
100000001000
100100001001
101100001011
110000001100
110000001100
110100001101
111000001110
111100001111
000000001111
000100011111
001000101111
001100111111
010001001111
010101011111
011101111111
011101111111
100010001111
100110011111
101010101111
101110111111
110011001111
110111011111
111011101111
111111111111
000011110000
000111110001
001011110010
001111110011
010011110100
010111110101
011011110110
011111110111
100011111000
100111111001
101011111010
101111111011
110011111100
110111111101
111011111110
111111111111
111100000000
111100010001
111100100010
111100110011
111101000100
111101010101
111101100110
111101110111
111110001000
111110011001
111110101010
111110111011
111111001100
111111011101
111111101110
111111111111
000000001010
000100011010
001000101010
001100111010
010001001010
010101011010
011101111010
011101111010
100010001010
100110011010
101010101010
101110111010
110011001010
110111011010
111011101010
111111111010
000010100000
000110100001
001010100010
001110100011
010010100100
010110100101
011010100110
011110100111
100010101000
100110101001
101010101010
101110101011
110010101100
110110101101
111010101110
111110101111
101000000000
101000010001
101000100010
101000110011
101001000100
101001010101
101001100110
101001110111
101010001000
101010011001
101010101010
101010111011
101011001100
101011011101
101011101110
101011111111
000000000000
000000000011
010000010000
010000000110
000000110000
001101110111
111110100000
011001100110
000100010001
000000001111
110000000000
111011001100
001111110000
000010101111
111111100000
111111111111
